100 
________
Twiener =

    1.5640


Tlevin =

    0.0116


Treg =

   50.3269
**********************************



500
________

Twiener =

    1.7325


Tlevin =

    0.0312


Treg =

  142.1378
**********************************



1024
_______
Twiener =

    1.7900


Tlevin =

    0.0632


Treg =

  265.4485